$ 1 0.000005 3.3115451958692312 50 5 50 5e-11
157 -48 576 112 576 0 7 1 -1
157 208 576 368 576 0 7 1 -1
157 720 576 880 576 0 7 1 -1
157 464 576 624 576 0 7 1 -1
x 505 -402 863 -399 4 50 ARDUINO\sUNO
185 -592 128 -512 128 4096 3
207 656 -96 656 -176 4 2
207 624 -96 624 -176 4 3
207 592 -96 592 -176 4 4
207 560 -96 560 -176 4 5
207 528 -192 528 -80 4 6
207 496 -176 496 -80 4 7
207 464 -176 464 -80 4 8
207 432 -176 432 -80 4 9
207 400 -96 400 -176 4 10
207 368 -96 368 -176 4 11
207 336 -96 336 -176 4 12
207 304 -96 304 -176 4 13
x 403 -237 547 -234 4 24 DIGITAL\spins
x 939 -207 1089 -204 4 24 ANALOG\spins
207 992 -96 992 -176 4 A1
207 1024 -96 1024 -176 4 A0
g 848 -160 848 -96 0 0
x 822 -208 875 -205 4 24 GND
R 784 -160 784 -80 0 0 40 5 0 0 0.5
x 771 -207 799 -204 4 24 5V
w 368 -96 368 16 0
w 368 16 -240 16 0
w -240 16 -240 128 0
w -240 128 -272 128 0
w 336 -96 336 32 0
w 336 32 -224 32 0
w -224 32 -224 160 0
w -224 160 -272 160 0
w 304 -96 304 48 0
w 304 48 -208 48 0
w -208 48 -208 192 0
w -208 192 -272 192 0
w 784 -160 736 -160 0
w 736 -160 736 -64 0
w 736 0 -560 0 0
w -560 0 -560 96 0
r -560 256 -560 304 0 10000
r -528 256 -528 368 0 10000
r -496 256 -496 416 0 10000
r -464 256 -464 496 0 10000
t 560 80 672 80 0 1 0.5704734578246858 0.6405266484503933 100 default
x 774 541 844 544 4 24 digit\s0
x 521 544 591 547 4 24 digit\s1
x 268 545 338 548 4 24 digit\s2
x 8 546 78 549 4 24 digit\s3
w -560 304 -176 304 0
w -176 304 -176 80 0
w -176 80 560 80 0
w 736 0 736 32 0
w 672 48 672 64 0
w 704 48 704 704 0
w 704 704 720 704 0
w 848 -160 816 -160 0
w 816 -160 816 96 0
x -508 169 -364 172 4 24 SN74LS138N
x -519 196 -348 199 4 20 (cat.\snumber:\s138)
w 672 48 672 32 0
r 672 32 736 32 0 1000
w 672 96 816 96 0
w 704 48 672 48 0
t 304 160 416 160 0 1 -4.999879458364159 5.0998794558824375e-8 100 default
t 48 240 160 240 0 1 -4.999879458364157 5.099879455882437e-8 100 default
w 416 144 416 128 0
w 416 128 416 112 0
r 416 112 512 112 0 1000
w 512 112 736 112 0
w 736 112 736 32 0
w 304 160 -144 160 0
w -528 368 -144 368 0
w -144 368 -144 160 0
w 416 176 816 176 0
w 816 176 816 96 0
w 416 128 448 128 0
w 448 128 448 704 0
w 448 704 464 704 0
w -496 416 -112 416 0
w -112 416 -112 240 0
w -112 240 48 240 0
r 160 192 256 192 0 1000
w 160 224 160 208 0
w 160 192 160 208 0
w 160 208 192 208 0
w 192 208 192 704 0
w 208 704 192 704 0
w 256 192 736 192 0
w 736 192 736 112 0
w 160 256 816 256 0
w 816 256 816 176 0
w -128 512 816 512 0
w -128 464 -96 464 0
w -128 448 -128 464 0
w -128 480 -128 464 0
r -128 448 -32 448 0 1000
t -240 496 -128 496 0 1 -4.999879458364157 5.0998794558824375e-8 100 default
w -32 448 736 448 0
w 736 448 736 192 0
w -96 464 -96 704 0
w -96 704 -48 704 0
w -464 496 -240 496 0
w 816 512 816 256 0
s 912 80 992 80 0 1 true
w 784 -160 784 -176 0
w 784 -176 912 -176 0
w 912 -176 912 80 0
w 992 80 992 -96 0
r 992 80 992 160 0 1000
w 848 -160 880 -160 0
w 880 -160 880 160 0
w 880 160 992 160 0
w -48 576 -64 576 0
w -64 576 -64 736 0
w 208 576 176 576 0
w 176 576 176 736 0
w 176 736 -64 736 0
w 464 576 432 576 0
w 432 576 432 736 0
w 432 736 176 736 0
w 720 576 688 576 0
w 688 576 688 736 0
w 688 736 432 736 0
w -48 608 -80 608 0
w -80 608 -80 768 0
w 208 608 176 608 0
w 176 608 176 768 0
w 176 768 -80 768 0
w -64 736 -64 1008 0
w -80 768 -80 896 0
w 464 608 432 608 0
w 432 608 432 768 0
w 432 768 176 768 0
w 720 608 688 608 0
w 688 608 688 768 0
w 688 768 432 768 0
w -48 640 -112 640 0
w -48 672 -128 672 0
w -112 640 -112 800 0
w -128 672 -128 832 0
w 208 640 176 640 0
w 176 640 176 800 0
w 464 640 432 640 0
w 432 640 432 800 0
w 720 640 688 640 0
w 688 640 688 800 0
w 688 800 432 800 0
w 432 800 176 800 0
w 176 800 -112 800 0
w 208 672 176 672 0
w 176 672 176 832 0
w 176 832 -128 832 0
w 464 672 432 672 0
w 432 672 432 832 0
w 432 832 176 832 0
w 720 672 688 672 0
w 688 672 688 832 0
w 688 832 432 832 0
w -112 800 -112 896 0
w -128 832 -128 896 0
w 912 576 928 576 0
w 928 576 928 752 0
w 912 608 944 608 0
w 944 608 944 784 0
w 912 640 960 640 0
w 960 640 960 816 0
w 912 672 976 672 0
w 976 672 976 848 0
w 144 576 160 576 0
w 160 576 160 752 0
w 656 576 672 576 0
w 672 576 672 752 0
w 672 752 928 752 0
w 656 608 672 608 0
w 672 608 672 784 0
w 672 784 944 784 0
w 656 640 672 640 0
w 672 640 672 816 0
w 672 816 960 816 0
w 656 672 672 672 0
w 672 672 672 848 0
w 672 848 976 848 0
w 400 576 416 576 0
w 416 576 416 752 0
w 416 752 672 752 0
w 400 608 416 608 0
w 416 608 416 784 0
w 416 784 672 784 0
w 400 640 416 640 0
w 416 640 416 816 0
w 416 816 672 816 0
w 400 672 416 672 0
w 416 672 416 848 0
w 416 848 672 848 0
w 160 752 416 752 0
w 144 608 160 608 0
w 160 608 160 784 0
w 160 784 416 784 0
w 144 640 160 640 0
w 160 640 160 816 0
w 160 816 416 816 0
w 144 672 160 672 0
w 160 672 160 848 0
w 160 848 416 848 0
w 976 848 976 896 0
w 960 816 960 896 0
w 944 784 944 896 0
w 928 752 928 896 0
x -317 841 -158 844 4 24 Segments\sbus
w 928 896 928 944 0
w 928 944 1120 944 0
w 1120 944 1120 -256 0
w 1136 960 1136 -272 0
w 944 960 1136 960 0
w 944 896 944 960 0
w 1152 976 1152 -288 0
w 960 976 1152 976 0
w 960 896 960 976 0
w 1168 992 1168 -304 0
w 976 992 1168 992 0
w 976 896 976 992 0
w 1120 -256 608 -256 0
w 1136 -272 560 -272 0
w 592 -288 592 -224 0
w 560 -208 496 -208 0
w 1152 -288 592 -288 0
w 560 -272 560 -208 0
w 1168 -304 400 -304 0
w 608 -256 608 -192 0
w 400 -304 400 -192 0
w 592 -224 464 -224 0
w 608 -192 528 -192 0
w 496 -208 496 -176 0
w 464 -224 464 -176 0
w 400 -192 432 -192 0
w 432 -192 432 -176 0
w -64 1008 1200 1008 0
w -80 896 -80 1024 0
w -112 896 -112 1040 0
w -128 896 -128 1056 0
w -80 1024 1216 1024 0
w -112 1040 1232 1040 0
w -128 1056 1248 1056 0
w 1200 1008 1200 -320 0
w 1216 1024 1216 -336 0
w 1232 1040 1232 -352 0
w 1248 1056 1248 -368 0
w 1200 -320 672 -320 0
w 672 -320 672 -96 0
w 672 -96 656 -96 0
w 1216 -336 688 -336 0
w 688 -336 688 -80 0
w 688 -80 624 -80 0
w 624 -80 624 -96 0
w 1232 -352 704 -352 0
w 704 -352 704 -64 0
w 704 -64 592 -64 0
w 592 -64 592 -96 0
w 1248 -368 720 -368 0
w 720 -368 720 -48 0
w 720 -48 560 -48 0
w 560 -48 560 -96 0
r 880 272 944 272 0 10000
374 944 272 1024 272 0 0.41590000000000005 Light\sBrightness
w 880 160 880 272 0
w 736 -32 1024 -32 0
w 1024 -32 1024 272 0
w 736 -32 736 0 0
w 944 272 944 320 0
b 251 -456 1094 -65 0
x -59 927 -44 930 4 24 A
x -96 935 -81 938 4 24 B
x -117 939 -102 942 4 24 C
x -150 941 -133 944 4 24 D
x 903 892 916 895 4 24 E
x 931 894 943 897 4 24 F
x 944 921 961 924 4 24 G
x 981 919 1013 922 4 24 DP
w 944 320 1040 320 0
w 1040 320 1040 -48 0
w 1040 -48 1024 -48 0
w 1024 -48 1024 -96 0
x 890 222 1017 225 4 20 Photoresistor
x 908 239 1003 242 4 10 (light\smeasurement)
x 895 116 972 119 4 24 Button
207 960 400 960 480 4 GND
207 992 400 992 480 4 DATA
207 1024 400 1024 480 4 VCC
b 900 356 1082 554 0
w 736 -64 736 -32 0
w 736 -64 1072 -64 0
w 1072 -64 1072 368 0
w 1072 368 1024 368 0
w 1024 368 1024 400 0
w 880 272 880 384 0
w 880 384 960 384 0
w 960 384 960 400 0
w 992 400 992 368 0
w 992 368 592 368 0
w 592 368 592 -16 0
w 592 -16 400 -16 0
w 400 -16 400 -96 0
x 955 510 1031 513 4 24 DHT11
x 919 528 1075 531 4 10 (temp.\s\a\shumidity\smeasurement)
x 894 130 973 133 4 10 (mode\schanging)
